2.441079687500000000e+05
2.376296250000000000e+05
2.296487031250000000e+05
2.210495468750000000e+05
2.123934218750000000e+05
2.038446406250000000e+05
1.954578906250000000e+05
1.872539218750000000e+05
1.792434531250000000e+05
1.714341250000000000e+05
1.638319375000000000e+05
1.564405312500000000e+05
1.492618437500000000e+05
1.422961875000000000e+05
1.355425937500000000e+05
1.289996406250000000e+05
1.226649765625000000e+05
1.165360937500000000e+05
1.106101328125000000e+05
1.048840859375000000e+05
9.935483593750000000e+04
9.401919531250000000e+04
8.887383593750000000e+04
8.391550000000000000e+04
7.914095312500000000e+04
7.454689062500000000e+04
7.013008593750000000e+04
6.588725781250000000e+04
6.181524218750000000e+04
5.791078515625000000e+04
5.417072265625000000e+04
5.059194531250000000e+04
4.717120703125000000e+04
4.390539062500000000e+04
4.079133593750000000e+04
3.782589843750000000e+04
3.500599218750000000e+04
3.232828515625000000e+04
2.978966992187500000e+04
2.738692968750000000e+04
2.511680859375000000e+04
2.297598437500000000e+04
2.096112304687500000e+04
1.906881640625000000e+04
1.729561914062500000e+04
1.563803515625000000e+04
1.409254785156250000e+04
1.265616894531250000e+04
1.133337695312500000e+04
1.020311816406250000e+04
9.186827148437500000e+03
8.000206054687500000e+03
6.985113769531250000e+03
6.101905761718750000e+03
5.311092285156250000e+03
4.599778808593750000e+03
3.961633056640625000e+03
3.391806152343750000e+03
2.885787109375000000e+03
2.439164550781250000e+03
2.047569458007812500e+03
1.706730468750000000e+03
1.412522216796875000e+03
1.161182128906250000e+03
9.498842773437500000e+02
7.781910400390625000e+02
6.492800903320312500e+02
5.581906127929687500e+02
4.672191162109375000e+02
3.623591003417968750e+02
2.723722839355468750e+02
2.066699218750000000e+02
1.598416900634765625e+02
1.261255340576171875e+02
1.017444610595703125e+02
8.427432250976562500e+01
7.210136413574218750e+01
6.419371795654296875e+01
6.004512405395507812e+01
5.969265747070312500e+01
6.349510574340820312e+01
7.096879577636718750e+01
7.855492401123046875e+01
8.024900817871093750e+01
7.406432342529296875e+01
6.411138153076171875e+01
5.481595611572265625e+01
4.780819320678710938e+01
4.298057174682617188e+01
3.981402969360351562e+01
3.790974426269531250e+01
3.707797241210937500e+01
3.730212402343750000e+01
3.865206527709960938e+01
4.111990737915039062e+01
4.433735275268554688e+01
4.731128692626953125e+01
4.864672851562500000e+01
4.742992782592773438e+01
4.396250534057617188e+01
