2.000000000000000000e+01 2.000000000000000000e+01
1.000000000000000000e+01 1.000000000000000000e+01
5.000000000000000000e+00 5.000000000000000000e+00
2.500000000000000000e+00 2.500000000000000000e+00
1.250000000000000000e+00 1.250000000000000000e+00
6.250000000000000000e-01 6.250000000000000000e-01
3.125000000000000000e-01 3.125000000000000000e-01
1.562500000000000000e-01 1.562500000000000000e-01
7.812500000000000000e-02 7.812500000000000000e-02
3.906250000000000000e-02 3.906250000000000000e-02
1.953125000000000000e-02 1.953125000000000000e-02
9.765625000000000000e-03 9.765625000000000000e-03
4.882812500000000000e-03 4.882812500000000000e-03
2.441406250000000000e-03 2.441406250000000000e-03
1.220703125000000000e-03 1.220703125000000000e-03
6.103515625000000000e-04 6.103515625000000000e-04
