2.500000000000000000e+02 2.500000000000000000e+02
1.250000000000000000e+02 1.250000000000000000e+02
6.250000000000000000e+01 6.250000000000000000e+01
3.125000000000000000e+01 3.125000000000000000e+01
1.562500000000000000e+01 1.562500000000000000e+01
7.812500000000000000e+00 7.812500000000000000e+00
3.906250000000000000e+00 3.906250000000000000e+00
1.953125000000000000e+00 1.953125000000000000e+00
9.765625000000000000e-01 9.765625000000000000e-01
4.882812500000000000e-01 4.882812500000000000e-01
2.441406250000000000e-01 2.441406250000000000e-01
1.220703125000000000e-01 1.220703125000000000e-01
6.103515625000000000e-02 6.103515625000000000e-02
3.051757812500000000e-02 3.051757812500000000e-02
1.525878906250000000e-02 1.525878906250000000e-02
7.629394531250000000e-03 7.629394531250000000e-03
3.814697265625000000e-03 3.814697265625000000e-03
1.907348632812500000e-03 1.907348632812500000e-03
9.536743164062500000e-04 9.536743164062500000e-04
4.768371582031250000e-04 4.768371582031250000e-04
2.384185791015625000e-04 2.384185791015625000e-04
1.192092895507812500e-04 1.192092895507812500e-04
5.960464477539062500e-05 5.960464477539062500e-05
2.980232238769531250e-05 2.980232238769531250e-05
1.490116119384765625e-05 1.490116119384765625e-05
7.450580596923828125e-06 7.450580596923828125e-06
3.725290298461914062e-06 3.725290298461914062e-06
1.862645149230957031e-06 1.862645149230957031e-06
9.313225746154785156e-07 9.313225746154785156e-07
4.656612873077392578e-07 4.656612873077392578e-07
2.328306436538696289e-07 2.328306436538696289e-07
1.164153218269348145e-07 1.164153218269348145e-07
5.820766091346740723e-08 5.820766091346740723e-08
2.910383045673370361e-08 2.910383045673370361e-08
1.455191522836685181e-08 1.455191522836685181e-08
7.275957614183425903e-09 7.275957614183425903e-09
3.637978807091712952e-09 3.637978807091712952e-09
1.818989403545856476e-09 1.818989403545856476e-09
9.094947017729282379e-10 9.094947017729282379e-10
4.547473508864641190e-10 4.547473508864641190e-10
2.273736754432320595e-10 2.273736754432320595e-10
1.136868377216160297e-10 1.136868377216160297e-10
5.684341886080801487e-11 5.684341886080801487e-11
2.842170943040400743e-11 2.842170943040400743e-11
1.421085471520200372e-11 1.421085471520200372e-11
7.105427357601001859e-12 7.105427357601001859e-12
3.552713678800500929e-12 3.552713678800500929e-12
1.762145984685048461e-12 1.762145984685048461e-12
8.810729923425242305e-13 8.810729923425242305e-13
4.547473508864641190e-13 4.547473508864641190e-13
2.273736754432320595e-13 2.273736754432320595e-13
1.136868377216160297e-13 1.136868377216160297e-13
5.684341886080801487e-14 5.684341886080801487e-14
2.842170943040400743e-14 2.842170943040400743e-14
0.000000000000000000e+00 0.000000000000000000e+00
0.000000000000000000e+00 0.000000000000000000e+00
0.000000000000000000e+00 0.000000000000000000e+00
0.000000000000000000e+00 0.000000000000000000e+00
0.000000000000000000e+00 0.000000000000000000e+00
0.000000000000000000e+00 0.000000000000000000e+00
0.000000000000000000e+00 0.000000000000000000e+00
0.000000000000000000e+00 0.000000000000000000e+00
0.000000000000000000e+00 0.000000000000000000e+00
0.000000000000000000e+00 0.000000000000000000e+00
0.000000000000000000e+00 0.000000000000000000e+00
0.000000000000000000e+00 0.000000000000000000e+00
0.000000000000000000e+00 0.000000000000000000e+00
0.000000000000000000e+00 0.000000000000000000e+00
0.000000000000000000e+00 0.000000000000000000e+00
0.000000000000000000e+00 0.000000000000000000e+00
0.000000000000000000e+00 0.000000000000000000e+00
0.000000000000000000e+00 0.000000000000000000e+00
0.000000000000000000e+00 0.000000000000000000e+00
0.000000000000000000e+00 0.000000000000000000e+00
0.000000000000000000e+00 0.000000000000000000e+00
0.000000000000000000e+00 0.000000000000000000e+00
0.000000000000000000e+00 0.000000000000000000e+00
0.000000000000000000e+00 0.000000000000000000e+00
0.000000000000000000e+00 0.000000000000000000e+00
0.000000000000000000e+00 0.000000000000000000e+00
0.000000000000000000e+00 0.000000000000000000e+00
0.000000000000000000e+00 0.000000000000000000e+00
0.000000000000000000e+00 0.000000000000000000e+00
0.000000000000000000e+00 0.000000000000000000e+00
0.000000000000000000e+00 0.000000000000000000e+00
0.000000000000000000e+00 0.000000000000000000e+00
0.000000000000000000e+00 0.000000000000000000e+00
0.000000000000000000e+00 0.000000000000000000e+00
0.000000000000000000e+00 0.000000000000000000e+00
0.000000000000000000e+00 0.000000000000000000e+00
0.000000000000000000e+00 0.000000000000000000e+00
0.000000000000000000e+00 0.000000000000000000e+00
0.000000000000000000e+00 0.000000000000000000e+00
0.000000000000000000e+00 0.000000000000000000e+00
0.000000000000000000e+00 0.000000000000000000e+00
0.000000000000000000e+00 0.000000000000000000e+00
0.000000000000000000e+00 0.000000000000000000e+00
0.000000000000000000e+00 0.000000000000000000e+00
0.000000000000000000e+00 0.000000000000000000e+00
0.000000000000000000e+00 0.000000000000000000e+00
